0 6513.261718750000 8392.213867187500
1 7944.633789062500 5458.422363281250
2 9707.057617187500 6522.745605468750
3 7786.633300781250 9945.427734375000
4 2800.002929687500 9648.354492187500
5 9893.070312500000 2831.922607421875
6 6123.975097656250 5649.099609375000
7 4417.437011718750 3860.456787109375
8 2697.766601562500 1364.913818359375
9 106.588279724121 1429.235595703125
10 1162.113159179688 1636.294433593750
11 1200.327636718750 3907.365966796875
12 1099.674560546875 2229.354492187500
13 8762.473632812500 895.256652832031
14 6578.080078125000 7795.344726562500
15 6356.525878906250 4133.290039062500
16 8208.838867187500 5957.516113281250
17 7976.759277343750 5395.880859375000
18 8572.916992187500 5010.426269531250
19 235.968719482422 5926.219238281250
20 1964.368408203125 5139.576171875000
21 854.751464843750 5808.315917968750
22 362.342712402344 9894.127929687500
23 606.546386718750 4225.382812500000
24 6008.443359375000 3905.050781250000
25 2188.688232421875 5285.020019531250
26 5333.690917968750 3342.362304687500
27 5082.458984375000 891.942321777344
28 874.523193359375 8111.258789062500
29 5924.228515625000 8511.335937500000
30 17.936904907227 1465.561035156250
31 1684.422119140625 82.748146057129
32 748.087036132812 3098.999267578125
33 4879.601074218750 1451.335205078125
34 2590.641357421875 908.665710449219
35 1944.252929687500 7058.268066406250
36 8313.124023437500 8669.625000000000
37 385.550506591797 9947.223632812500
38 2984.117675781250 4066.641845703125
39 8051.286132812500 7968.714355468750
40 183.847335815430 9922.195312500000
41 2329.683593750000 4991.297363281250
42 8732.084960937500 150.546722412109
43 238.884963989258 4939.717285156250
44 1831.771606445312 6586.407714843750
45 7757.436523437500 9237.005859375000
46 6352.232910156250 1978.078857421875
47 5571.053222656250 2689.539306640625
48 3085.491210937500 7850.559570312500
49 4354.564941406250 7171.236816406250
50 6978.801269531250 2712.608398437500
51 810.241943359375 7736.158203125000
52 1612.470947265625 799.832763671875
53 2789.334716796875 349.834838867188
54 9674.092773437500 2478.882568359375
55 2580.669433593750 3312.916015625000
56 179.885971069336 3343.506347656250
57 4312.083496093750 3183.543701171875
58 5819.315917968750 5244.898437500000
59 1009.567504882812 7800.919433593750
60 51.314384460449 2440.847900390625
61 3332.454833984375 8568.861328125000
62 6857.541992187500 4707.661132812500
63 1663.959350585938 6164.064453125000
64 9431.794921875000 174.695983886719
65 6115.412109375000 1732.734497070312
66 2069.498046875000 2052.475097656250
67 5949.372558593750 1104.674560546875
68 6264.916015625000 4447.283203125000
69 5486.272460937500 7783.106933593750
70 679.385375976562 8430.131835937500
71 5229.447265625000 1317.565429687500
72 4322.222656250000 3599.995117187500
73 5117.907714843750 6673.832519531250
74 7104.654296875000 7927.036132812500
75 9697.893554687500 2493.302734375000
76 4939.611816406250 52.211826324463
77 7524.140136718750 8219.276367187500
78 1370.008789062500 5737.790039062500
79 5038.291503906250 8566.217773437500
80 2430.217773437500 4668.731933593750
81 7379.880371093750 3652.185302734375
82 2276.556152343750 2078.402099609375
83 1706.116699218750 4703.665527343750
84 4506.197753906250 5665.519531250000
85 386.252075195312 1738.666137695312
86 1761.867919921875 1713.220703125000
87 4099.545898437500 1071.616699218750
88 662.744812011719 8752.322265625000
89 278.058868408203 3335.222900390625
90 5089.895996093750 5885.555175781250
91 8527.534179687500 2259.130859375000
92 9210.655273437500 3489.614990234375
93 9959.720703125000 3033.537841796875
94 4670.524414062500 7499.975585937500
95 2091.365722656250 9583.236328125000
96 5457.114746093750 7729.986816406250
97 7890.616699218750 7593.483886718750
98 3682.975830078125 9775.970703125000
99 4736.410156250000 4847.170898437500
