1 -9287.821354574531 4028.410982687635
2 -7743.816805421991 2311.143387140668
3 -6379.680295493998 2400.107649091518
4 -8392.976246048636 2664.025175599511
5 -7253.950856881725 2745.804158594989
6 -5021.665661504875 2885.918649422432
7 -5218.571378956087 2705.918982955634
8 -5822.883103442604 2104.087378276678
9 -5830.983188276846 2332.669657971635
10 -10905.10503509802 1472.356075480885
11 -8031.517819952500 3013.520309123051
12 -6194.452160039679 2748.850123533770
13 -5952.431602606583 2749.381607390675
14 -6468.796015143020 2873.753597507381
15 -6611.764205311191 2697.494770355825
16 -5863.673038451106 2639.266056784030
