1 -9287.821354574531 4028.410982687635
2 -7743.816805421991 2311.143387140668
3 -6379.680295493998 2400.107649091518
4 -8392.976246048636 2664.025175599511
5 -7253.950856881725 2745.804158594989
6 -5021.665661504875 2885.918649422432
7 -5218.571378956087 2705.918982955634
8 -5822.883103442604 2104.087378276678
9 -5830.983188276846 2332.669657971635
10 -10905.10503509802 1472.356075480885
11 -8031.517819952500 3013.520309123051
12 -6194.452160039679 2748.850123533770
13 -5952.431602606583 2749.381607390675
14 -6468.796015143020 2873.753597507381
15 -6611.764205311191 2697.494770355825
16 -5863.673038451106 2639.266056784030
17 -6297.394751448061 2104.521990010939
18 -4820.477118340399 3062.564135916582
19 -5285.898333341956 2692.861560524212
20 -4907.692361717428 2918.269239880439
21 -5841.810479017491 2952.699609861697
22 -6432.391858388964 3105.850151831310
23 -6232.912672886473 2233.171900048675
24 -6369.879835434252 2665.223916295487
25 -7740.582230045847 3219.568143135753
26 -6679.847273561608 2819.784977174988
27 -8274.473794501402 2705.851821969037
28 -4943.734526281372 2986.321076890174
